Colonna1	Colonna2	Colonna3	Colonna4	Colonna5	Colonna6	Colonna7	Colonna8	Colonna9	Colonna10	Colonna11	Colonna12	Colonna13	Colonna14	Colonna15	lat	log
	MONTH (21st day)		January	February	March	April	May	June	July	August	September	October	November	December		
																
LOCATION																
																
	Argentina	taub	0.387	0.378	0.367	0.349	0.339	0.338	0.332	0.381	0.391	0.362	0.367	0.389		
Buenos Aires		taud	2.329	2.377	2.438	2.474	2.455	2.412	2.448	2.196	2.176	2.369	2.369	2.298	-34,6075682	-58,4370894

	Australia	taub	0.363	0.340	0.326	0.313	0.299	0.291	0.292	0.297	0.315	0.318	0.334	0.342
Canberra		taud	2.402	2.559	2.606	2.638	2.730	2.747	2.702	2.678	2.582	2.609	2.520	2.519	-35,2975906	149,1012676

	Austria	taub	0.326	0.363	0.435	0.473	0.469	0.491	0.509	0.479	0.418	0.398	0.351	0.331
Wien		taud	2.280	2.072	1.876	1.810	1.876	1.861	1.827	1.919	2.089	2.084	2.236	2.291	48,2083537	16,3725042

	Belgium	taub	0.334	0.365	0.418	0.426	0.464	0.480	0.470	0.456	0.404	0.370	0.366	0.352
Brussel		taud	2.297	2.128	1.958	1.953	1.867	1.855	1.919	1.957	2.114	2.205	2.147	2.213	50,8436709	4,3674367

	China	taub	0.714	0.719	0.841	0.903	0.779	0.824	0.839	0.850	0.828	0.821	0.687	0.681
Guangzhou		taud	1.408	1.413	1.317	1.277	1.414	1.367	1.345	1.335	1.356	1.356	1.492	1.466	23,1301964	113,2592945

	Czech Republic	taub	0.291	0.327	0.384	0.392	0.388	0.395	0.410	0.387	0.335	0.333	0.321	0.290
Churanov		taud	2.326	2.109	1.975	1.997	2.078	2.101	2.063	2.165	2.382	2.287	2.260	2.406	49,0677778	13,6158333

	Denmark	taub	0.332	0.348	0.378	0.441	0.415	0.422	0.447	0.444	0.410	0.375	0.352	0.333
Copenhagen		taud	2.288	2.193	2.080	1.890	2.033	2.057	1.986	1.987	2.068	2.149	2.198	2.318	55,6867243	12,5700724

	Finland	taub	0.295	0.305	0.322	0.409	0.382	0.391	0.408	0.395	0.360	0.337	0.326	0.327
Helsinki		taud	2.465	2.314	2.224	1.937	2.124	2.181	2.133	2.178	2.257	2.271	2.335	2.639	60,1674098	24,9425769

	France	taub	0.313	0.341	0.383	0.402	0.434	0.469	0.457	0.447	0.393	0.369	0.336	0.371
Paris		taud	2.476	2.279	2.113	2.051	1.996	1.922	2.001	2.036	2.219	2.261	2.351	2.461	48,8566969	2,3514616

	Germany	taub	0.333	0.377	0.410	0.413	0.448	0.458	0.468	0.438	0.382	0.377	0.363	0.333
Nuremberg		taud	2.235	2.007	1.967	2	1.920	1.932	1.925	2.029	2.214	2.156	2.156	2.292	49,453872	11,077298

	Greece	taub	0.354	0.395	0.435	0.493	0.481	0.517	0.526	0.535	0.488	0.437	0.393	0.369
Thessaloniki		taud	2.192	2.010	1.914	1.775	1.880	1.815	1.811	1.790	1.872	1.990	2.092	2.128	40,6403167	22,9352716

	Hong Kong	taub	0.690	0.710	0.813	0.846	0.804	0.751	0.694	0.768	0.832	0.815	0.696	0.684
Hong Kong Airport		taud	1.432	1.424	1.342	1.332	1.390	1.462	1.547	1.437	1.357	1.362	1.473	1.455	22,3160668	113,9364852

	Hungary	taub	0.331	0.350	0.421	0.465	0.453	0.478	0.503	0.466	0.424	0.392	0.363	0.334
Budapest		taud	2.320	2.162	1.949	1.847	1.946	1.912	1.857	1.974	2.068	2.140	2.210	2.318	47,4983815	19,0404707

	Iceland	taub	0.257	0.278	0.304	0.350	0.379	0.365	0.361	0.350	0.335	0.307	0.267	0.254
Reykjavik		taud	2.592	2.588	2.333	2.128	2.056	2.192	2.285	2.351	2.339	2.412	2.447	2.518	64,145981	-21,9422367

	Ireland	taub	0.316	0.326	0.389	0.379	0.404	0.395	0.431	0.396	0.367	0.350	0.327	0.328
Dublin		taud	2.407	2.382	2.074	2.157	2.082	2.176	2.057	2.208	2.294	2.293	2.360	2.326	53,3497645	-6,2602732

	Italy	taub	0.340	0.395	0.499	0.561	0.579	0.578	0.515	0.495	0.504	0.495	0.392	0.338
Rome		taud	2.248	1.977	1.693	1.588	1.596	1.640	1.818	1.876	1.799	1.759	2.036	2.261	41,8933203	12,4829321

	Japan	taub	0.360	0.421	0.507	0.656	0.712	0.715	0.620	0.575	0.506	0.450	0.409	0.359
Tokyo		taud	2.115	1.891	1.699	1.459	1.417	1.456	1.651	1.752	1.910	1.983	2.020	2.158	35,6828387	139,7594549

	Lithuania	taub	0.283	0.321	0.353	0.383	0.362	0.355	0.389	0.383	0.365	0.324	0.296	0.285
Kaunas		taud	2.436	2.195	2.054	2.034	2.191	2.306	2.151	2.164	2.191	2.315	2.392	2.440	54,8982139	23,9044817

	Netherlands	taub	0.352	0.366	0.431	0.426	0.449	0.471	0.465	0.448	0.418	0.385	0.369	0.363
Amsterdam		taud	2.180	2.136	1.912	1.964	1.927	1.890	1.944	1.991	2.060	2.132	2.121	2.154	52,3745403	4,8979755

	Norway	taub	0.310	0.314	0.341	0.401	0.392	0.385	0.399	0.402	0.367	0.332	0.343	0.355
Berged		taud	2.440	2.385	2.239	1.985	2.076	2.181	2.168	2.151	2.264	2.356	2.278	2.530	46,71667	21,45

	Poland	taub	0.348	0.380	0.455	0.471	0.457	0.467	0.506	0.454	0.428	0.393	0.363	0.340
Warszawa		taud	2.191	2.002	1.787	1.815	1.906	1.925	1.819	1.994	2.026	2.096	2.163	2.262	52,2319581	21,0067249

	Portugal	taub	0.327	0.349	0.390	0.371	0.404	0.411	0.404	0.413	0.399	0.372	0.345	0.334
Lisbon		taud	2.425	2.312	2.124	2.274	2.163	2.163	2.207	2.172	2.215	2.297	2.381	2.410	38,7077507	-9,1365919

	Romania	taub	0.320	0.357	0.410	0.437	0.431	0.491	0.502	0.500	0.442	0.384	0.353	0.329
Bucaresti		taud	2.280	2.074	1.984	1.943	2.026	1.883	1.868	1.860	1.997	2.176	2.243	2.299	44,4272505	26,0925202

	Russia(2)	taub	0.297	0.320	0.361	0.439	0.435	0.411	0.437	0.446	0.442	0.370	0.326	0.296
Moscow		taud	2.406	2.221	2.035	1.866	1.947	2.126	2.043	1.974	1.919	2.114	2.240	2.443	55,7504461	37,6174943

		taub	0.294	0.304	0.326	0.403	0.390	0.395	0.413	0.408	0.378	0.341	0.328	0.319
St.Petersburg		taud	2.491	2.349	2.209	1.968	2.118	2.194	2.146	2.143	2.186	2.278	2.330	2.597	59,938732	30,316229

	Singapore	taub	0.500	0.507	0.523	0.486	0.485	0.494	0.508	0.571	0.610	0.678	0.515	0.489
Singapore		taud	1.983	1.967	1.930	2.072	2.076	2.030	1.984	1.810	1.722	1.577	1.952	2.028	1,340863	103,8303918

	Spain	taub	0.307	0.329	0.376	0.372	0.424	0.457	0.446	0.453	0.408	0.368	0.328	0.318
Madrid		taud	2.446	2.306	2.075	2.140	1.976	1.895	1.933	1.906	2.048	2.189	2.357	2.378	40,4167047	-3,7035825

	Sweden	taub	0.332	0.335	0.349	0.392	0.400	0.402	0.421	0.413	0.377	0.361	0.374	0.339
Goteborg		taud	2.276	2.263	2.243	2.089	2.103	2.158	2.110	2.136	2.243	2.214	2.102	2.313	57,7072326	11,9670171

	Switzerland	taub	0.304	0.347	0.399	0.407	0.413	0.436	0.430	0.401	0.393	0.360	0.330	0.307
Zurich		taud	2.309	2.051	1.924	1.941	2.022	1.997	2.057	2.186	2.148	2.202	2.217	2.335	47,3744489	8,5410422

	Ukraine	taub	0.318	0.338	0.402	0.426	0.415	0.434	0.459	0.454	0.411	0.356	0.331	0.321
Kiev		taud	2.285	2.093	1.941	1.960	2.057	2.054	1.980	1.981	2.074	2.259	2.285	2.280	50,4500336	30,5241361

	Canada	taub	0.304	0.338	0.423	0.445	0.463	0.516	0.489	0.457	0.418	0.374	0.349	0.310
Toronto		taud	2.315	2.112	1.849	1.881	1.891	1.793	1.912	2.019	2.109	2.199	2.218	2.355	43,6534817	-79,3839347

	Great Britain(2)	taub	0.311	0.331	0.397	0.389	0.406	0.403	0.424	0.400	0.364	0.353	0.327	0.324
Belfast		taud	2.451	2.330	2.029	2.108	2.072	2.129	2.076	2.168	2.297	2.277	2.356	2.361	54,5964411	-5,9302761

		taub	0.334	0.345	0.412	0.409	0.437	0.452	0.471	0.443	0.397	0.373	0.348	0.343
London		taud	2.270	2.239	1.974	2.009	1.951	1.942	1.912	2.001	2.142	2.171	2.222	2.231	51,5073219	-0,1276474

	Bulgaria	taub	0.331	0.375	0.414	0.456	0.443	0.466	0.473	0.471	0.409	0.337	0.335	0.330
Sofia		taud	2.201	1.980	1.912	1.831	1.964	1.941	1.942	1.938	2.128	2.207	2.221	2.254	42,6978634	23,3221789

	USA	taub	0.327	0.346	0.377	0.404	0.439	0.483	0.583	0.584	0.439	0.370	0.340	0.322
Birmingham(Alabama)		taud	2.479	2.359	2.229	2.149	2.080	1.982	1.723	1.705	2.130	2.361	2.452	2.531	33,5206824	-86,8024326

		taub	0.186	0.250	0.251	0.281	0.350	0.380	0.387	0.403	0.309	0.269	0.226	0.171
Fairbanks(Alaska)		taud	2.493	2.829	2.776	2.558	2.235	2.196	2.212	2.089	2.568	2.829	2.788	2.608	64,837845	-147,716675

		taub	0.281	0.317	0.316	0.373	0.410	0.378	0.413	0.390	0.364	0.333	0.318	0.288
St. Paul Island (Alaska)		taud	2.568	2.291	2.377	2.106	2.016	2.229	2.135	2.227	2.243	2.266	2.272	2.531	57,1785865	-170,2891062

		taub	0.306	0.317	0.339	0.366	0.419	0.465	0.588	0.547	0.456	0.393	0.318	0.298
Phoenix(Arizona)		taud	2.534	2.463	2.351	2.229	2.044	1.910	1.653	1.763	1.978	2.116	2.487	2.592	33,4484367	-112,0741417

		taub	0.320	0.339	0.361	0.387	0.420	0.465	0.490	0.482	0.416	0.359	0.336	0.314
Fort Smith(Arkansas)		taud	2.468	2.363	2.298	2.226	2.159	2.040	1.983	2.006	2.235	2.411	2.439	2.528	35,3872218	-94,4248983

		taub	0.304	0.323	0.337	0.371	0.388	0.378	0.428	0.428	0.379	0.370	0.328	0.310
Fresno(California)		taud	2.632	2.460	2.431	2.251	2.251	2.375	2.152	2.150	2.371	2.303	2.497	2.540	36,7295295	-119,7088613

		taub	0.316	0.326	0.334	0.362	0.368	0.353	0.371	0.365	0.352	0.335	0.320	0.318
San Francisco(California)		taud	2.608	2.528	2.525	2.345	2.360	2.496	2.395	2.435	2.518	2.545	2.611	2.538	37,7790262	-122,4199061

		taub	0.247	0.269	0.292	0.343	0.370	0.391	0.408	0.387	0.328	0.297	0.261	0.244
Colorado Springs(Colorado)		taud	2.571	2.403	2.337	2.135	2.105	2.066	2.047	2.142	2.371	2.431	2.577	2.639	38,8339578	-104,8253485

		taub	0.315	0.335	0.370	0.393	0.415	0.459	0.486	0.462	0.393	0.361	0.335	0.312
Hartford(Connecticut)		taud	2.350	2.235	2.130	2.119	2.105	2.003	1.943	2.020	2.271	2.315	2.358	2.438	41,764582	-72,6908547

		taub	0.319	0.358	0.428	0.423	0.493	0.567	0.557	0.567	0.419	0.373	0.352	0.317
Wilmington(Delaware)		taud	2.369	2.155	1.929	2.010	1.829	1.693	1.755	1.711	2.164	2.264	2.284	2.458	39,7459468	-75,546589

	(Florida)	taub	0.344	0.357	0.383	0.397	0.450	0.493	0.537	0.536	0.441	0.388	0.353	0.337
Tallahassee		taud	2.461	2.386	2.274	2.255	2.098	1.995	1.879	1.874	2.200	2.366	2.480	2.510	30,4380832	-84,2809332

		taub	0.368	0.388	0.418	0.433	0.501	0.520	0.528	0.505	0.473	0.425	0.389	0.370
Miami(Florida)		taud	2.439	2.306	2.190	2.160	1.945	1.929	1.905	1.987	2.095	2.257	2.362	2.400	25,7741728	-80,19362

		taub	0.325	0.349	0.383	0.395	0.448	0.505	0.556	0.593	0.431	0.373	0.339	0.320
Atlanta(Georgia)		taud	2.461	2.316	2.176	2.175	2.028	1.892	1.779	1.679	2.151	2.317	2.422	2.514	33,7490987	-84,3901849

		taub	0.340	0.356	0.391	0.409	0.481	0.517	0.558	0.554	0.442	0.387	0.352	0.335
Savannah(Geoorgia)		taud	2.461	2.353	2.199	2.173	1.956	1.899	1.881	1.881	2.173	2.338	2.456	2.506	32,08354	-81,09983

		taub	0.332	0.350	0.370	0.401	0.391	0.385	0.385	0.382	0.371	0.373	0.359	0.346
Honolulu(Hawaii)		taud	2.773	2.614	2.491	2.316	2.407	2.463	2.489	2.521	2.620	2.565	2.645	2.673	21,304547	-157,8556764

		taub	0.279	0.287	0.305	0.346	0.371	0.363	0.398	0.394	0.352	0.315	0.289	0.277
Boise(Idaho)		taud	2.419	2.449	2.420	2.238	2.181	2.301	2.125	2.124	2.282	2.435	2.524	2.493	43,6166163	-116,200886

		taub	0.302	0.343	0.390	0.417	0.458	0.455	0.452	0.412	0.365	0.337	0.337	0.307
Chicago(Illinois)		taud	2.364	2.149	2.030	1.998	1.999	2.001	2.050	2.048	2.146	2.259	2.303	2.388	41,8755616	-87,6244212

		taub	0.330	0.377	0.427	0.422	0.470	0.484	0.480	0.472	0.418	0.370	0.345	0.326
Indianapolis(Indiana)		taud	2.217	2.010	1.901	1.986	1.890	1.909	1.954	1.971	2.124	2.243	2.273	2.288	39,7683331	-86,1583502

		taub	0.286	0.331	0.371	0.380	0.400	0.417	0.427	0.430	0.394	0.347	0.325	0.288
Waterloo(Iowa)		taud	2.381	2.082	2.055	2.133	2.139	2.162	2.147	2.116	2.200	2.311	2.333	2.454	50,5926253	8,6844302

		taub	0.255	0.275	0.315	0.371	0.386	0.415	0.421	0.407	0.347	0.307	0.280	0.255
Goodland(Kansas)		taud	2.680	2.509	2.325	2.092	2.113	2.052	2.065	2.120	2.354	2.477	2.544	2.760	39,350833	-101,7101722

		taub	0.321	0.358	0.390	0.389	0.461	0.468	0.503	0.500	0.410	0.357	0.329	0.314
Lexington(Kentucky)		taud	2.334	2.159	2.067	2.144	1.925	1.972	1.885	1.882	2.180	2.332	2.410	2.428	38,0464066	-84,4970393

		taub	0.372	0.392	0.410	0.438	0.477	0.526	0.568	0.553	0.475	0.396	0.371	0.362
New Orelans(Louisiana)		taud	2.275	2.185	2.153	2.084	2.004	1.885	1.788	1.821	2.045	2.301	2.342	2.349	29,9506153	-90,0871892

		taub	0.319	0.353	0.411	0.417	0.474	0.546	0.552	0.580	0.421	0.370	0.342	0.317
Baltimore(Maryland)		taud	2.373	2.188	1.997	2.036	1.892	1.746	1.769	1.681	2.164	2.286	2.350	2.446	39,2908816	-76,610759

		taub	0.318	0.335	0.374	0.400	0.425	0.472	0.488	0.470	0.391	0.361	0.340	0.313
Boston(Massachusetts)		taud	2.372	2.277	2.131	2.094	2.068	1.964	1.950	1.992	2.284	2.321	2.339	2.452	42,3602534	-71,0582912

		taub	0.301	0.325	0.395	0.395	0.427	0.462	0.429	0.428	0.395	0.348	0.327	0.308
Lansing(Michigan)		taud	2.282	2.137	1.967	2.063	2.015	1.960	2.133	2.125	2.193	2.340	2.347	2.315	42,7337712	-84,5553805

		taub	0.263	0.282	0.356	0.374	0.393	0.409	0.419	0.411	0.385	0.337	0.301	0.280
Minneapolis(Minnesota)		taud	2.570	2.346	2.053	2.128	2.158	2.183	2.180	2.192	2.220	2.357	2.463	2.472	44,9772995	-93,2654692
fine																
																
																
																
																
																
																
																
																
																
																
																
																
																
																
																
																
																
																
																
																
																
																
																
																
																
																
																
																
																
																
																
																
																
																
																
																
																
																
																
																
																
																
																
																
																
